Masses

1 12.011000
2 12.011000
3 15.999400
4 14.006700
5 14.006700
6 12.011000
7 1.0080000
8 1.0080000
9 1.0080000
10 15.999400

Pair Coeffs

1 0.095100 3.472990
2 0.095100 3.472990
3 0.095700 3.033154
4 0.077400 3.262560
5 0.077400 3.262560
6 0.095100 3.472990
7 0.015200 2.846421
8 0.000100 2.846421
9 0.000000 0.000000
10 0.155350  3.166000

Bond Coeffs

1 525.000000 1.390000
2 350.000000 1.020000
3 700.000000 1.360000
4 700.000000 1.220000
5 700.000000 1.310000
6 525.000000 1.340000
7 350.000000 0.970000
8 700.000000 1.305000
9 700.000000 1.220000
10 350.000000 1.410000
11 350.000000 1.090000
12 600.000000 1.000000

Angle Coeffs

1 50.000000 120.000000
2 50.000000 120.000000
3 50.000000 120.000000
4 50.000000 120.000000
5 50.000000 120.000000
6 50.000000 120.000000
7 50.000000 120.000000
8 50.000000 120.000000
9 50.000000 120.000000
10 50.000000 120.000000
11 50.000000 120.000000
12 50.000000 120.000000
13 50.000000 120.000000
14 50.000000 120.000000
15 50.000000 109.471000
16 50.000000 109.471000
17 75.0    109.47

Dihedral Coeffs

1 3.125000 -1 2
2 3.125000 -1 2
3 3.125000 -1 2
4 3.125000 -1 2
5 0.6250000 -1 2
6 0.625000 -1 2
7 3.125000 -1 2
8 3.125000 -1 2
9 3.125000 -1 2
10 3.125000 -1 2
11 1.2500000 -1 2
12 1.2500000 -1 2
13 3.125000 -1 2
14 3.125000 -1 2
15 3.125000 -1 2
16 3.125000 -1 2
17 3.125000 -1 2
18 2.500000 -1 2
19 12.000000 -1 2
20 3.1250000 -1 2
21 0.083333 -1 6
22 0.166667 1 3

Improper Coeffs

1 40.0000 0.0000
2 40.0000 0.0000
3 40.0000 0.0000
4 40.0000 0.0000
5 40.0000 0.0000
6 40.0000 0.0000
7 40.0000 0.0000
8 0.0000 0.0000
9 0.0000 0.0000

